label=BGProcessing-40ms intervalMs=40.000 duration=30.000s
t(ms),dt(ms)
45.139,45.139
81.296,36.157
121.266,39.970
161.277,40.011
201.253,39.976
245.128,43.875
281.262,36.135
321.276,40.013
361.265,39.989
400.515,39.250
445.075,44.560
484.425,39.350
525.080,40.655
561.264,36.184
604.284,43.020
645.060,40.776
681.238,36.178
721.278,40.040
763.673,42.395
802.498,38.825
840.331,37.832
881.611,41.281
921.255,39.643
965.089,43.835
1001.236,36.147
1042.343,41.107
1085.105,42.762
1121.220,36.115
1161.526,40.306
1201.284,39.757
1240.347,39.063
1281.242,40.895
1321.303,40.061
1363.445,42.142
1401.256,37.811
1445.091,43.834
1481.255,36.164
1521.308,40.053
1565.138,43.830
1605.099,39.961
1645.139,40.041
1681.269,36.130
1721.289,40.020
1761.249,39.960
1801.254,40.005
1845.073,43.819
1881.251,36.178
1921.298,40.047
1963.226,41.928
2001.248,38.022
2045.073,43.826
2081.253,36.179
2121.268,40.015
2161.286,40.018
2201.256,39.970
2245.058,43.802
2281.283,36.225
2321.772,40.489
2361.332,39.560
2400.408,39.076
2445.094,44.686
2481.255,36.161
2523.745,42.490
2561.292,37.547
2605.066,43.775
2645.060,39.993
2685.059,39.999
2721.269,36.210
2764.028,42.759
2805.083,41.056
2845.105,40.022
2885.058,39.953
2921.337,36.279
2961.790,40.453
3005.354,43.564
3045.062,39.708
3081.231,36.169
3121.316,40.086
3161.281,39.965
3205.059,43.778
3245.077,40.018
3281.252,36.175
3321.269,40.017
3361.272,40.003
3405.074,43.803
3440.813,35.739
3481.269,40.456
3521.287,40.017
3561.278,39.991
3600.601,39.323
3645.070,44.468
3680.268,35.198
3725.064,44.796
3761.277,36.213
3802.412,41.135
3845.063,42.651
3881.224,36.161
3921.224,40.001
3961.166,39.942
4001.211,40.044
4041.187,39.977
4081.189,40.001
4121.266,40.078
4161.275,40.009
4201.262,39.987
4243.194,41.932
4281.193,37.999
4321.280,40.087
4361.263,39.982
4400.476,39.214
4445.122,44.646
4481.242,36.119
4521.340,40.098
4565.102,43.762
4601.271,36.169
4641.155,39.884
4681.200,40.045
4721.250,40.050
4761.267,40.017
4805.061,43.795
4845.060,39.998
4881.263,36.203
4925.106,43.843
4962.881,37.775
5003.191,40.310
5045.107,41.915
5081.213,36.106
5121.287,40.074
5165.074,43.787
5201.261,36.186
5245.132,43.871
5281.249,36.117
5321.291,40.043
5361.264,39.972
5401.269,40.005
5445.131,43.862
5484.450,39.320
5520.989,36.539
5561.274,40.285
5601.302,40.028
5645.056,43.754
5681.259,36.203
5721.250,39.990
5761.269,40.019
5805.056,43.787
5845.110,40.054
5885.073,39.964
5921.264,36.190
5961.219,39.955
6004.767,43.548
6045.093,40.326
6081.270,36.177
6121.292,40.023
6161.273,39.980
6205.073,43.800
6245.117,40.044
6281.271,36.154
6321.305,40.033
6361.277,39.972
6400.504,39.227
6445.084,44.581
6481.311,36.227
6524.890,43.579
6565.063,40.173
6601.258,36.195
6645.127,43.868
6681.247,36.120
6725.063,43.816
6765.093,40.031
6801.311,36.218
6845.082,43.771
6881.266,36.184
6920.886,39.620
6961.220,40.333
7005.147,43.927
7040.736,35.589
7081.306,40.570
7121.293,39.987
7161.925,40.631
7201.266,39.342
7245.143,43.876
7285.128,39.985
7321.252,36.124
7361.275,40.022
7401.258,39.984
7445.062,43.803
7481.251,36.189
7525.196,43.945
7561.298,36.103
7601.194,39.896
7645.134,43.940
7681.248,36.114
7725.150,43.902
7761.269,36.119
7801.270,40.001
7845.088,43.818
7881.246,36.158
7921.102,39.856
7961.218,40.117
8005.144,43.926
8048.658,43.514
8085.114,36.456
8123.203,38.089
8161.258,38.056
8201.282,40.024
8245.129,43.847
8281.260,36.131
8321.262,40.002
8361.273,40.010
8405.079,43.806
8440.908,35.829
8481.262,40.354
8521.301,40.040
8561.262,39.961
8601.289,40.027
8645.137,43.847
8681.258,36.122
8721.885,40.626
8761.265,39.380
8803.142,41.877
8845.064,41.922
8881.263,36.199
8921.307,40.044
8960.567,39.260
9001.260,40.693
9041.192,39.933
9081.802,40.610
9121.259,39.456
9161.842,40.584
9205.071,43.228
9241.230,36.159
9281.248,40.018
9321.293,40.045
9361.316,40.023
9405.056,43.741
9441.189,36.132
9481.258,40.069
9521.255,39.997
9561.257,40.002
9601.257,40.000
9641.186,39.929
9681.264,40.078
9725.063,43.800
9761.255,36.192
9801.274,40.019
9841.221,39.947
9881.247,40.026
9921.308,40.062
9965.067,43.759
10005.124,40.057
10041.145,36.021
10085.076,43.931
10121.167,36.091
10165.064,43.897
10203.905,38.841
10241.203,37.298
10281.280,40.077
10321.290,40.010
10361.247,39.957
10400.501,39.255
10441.130,40.628
10484.430,43.300
10521.266,36.836
10565.140,43.874
10602.274,37.134
10641.191,38.917
10681.192,40.001
10725.138,43.946
10765.125,39.986
10804.443,39.318
10841.178,36.736
10881.259,40.081
10921.273,40.014
10961.260,39.987
11001.267,40.007
11041.176,39.909
11081.316,40.140
11122.410,41.094
11161.249,38.839
11201.305,40.056
11241.122,39.817
11281.260,40.138
11325.080,43.820
11361.297,36.217
11401.259,39.962
11441.107,39.848
11481.256,40.148
11521.236,39.981
11561.249,40.013
11601.333,40.084
11641.096,39.763
11681.265,40.169
11721.371,40.106
11761.245,39.874
11801.254,40.009
11841.074,39.820
11881.277,40.203
11921.323,40.046
11961.220,39.898
12001.254,40.033
12041.132,39.879
12081.274,40.142
12125.364,44.090
12160.116,34.752
12201.268,41.151
12241.129,39.861
12281.290,40.161
12321.254,39.964
12361.278,40.025
12400.451,39.173
12441.203,40.751
12481.269,40.066
12521.259,39.991
12561.269,40.010
12601.253,39.984
12641.047,39.794
12681.246,40.199
12720.421,39.174
12761.277,40.857
12801.047,39.770
12841.113,40.066
12881.253,40.141
12921.252,39.998
12961.226,39.974
13002.004,40.779
13041.067,39.062
13081.263,40.196
13121.308,40.046
13164.342,43.034
13201.265,36.923
13241.050,39.785
13281.267,40.217
13321.253,39.986
13361.285,40.032
13401.266,39.980
13441.028,39.762
13481.266,40.238
13521.262,39.996
13561.265,40.004
13601.270,40.005
13642.798,41.528
13681.252,38.454
13721.305,40.053
13761.286,39.981
13800.794,39.508
13844.840,44.046
13880.915,36.075
13925.062,44.147
13962.037,36.976
14005.149,43.111
14041.063,35.915
14081.256,40.192
14121.256,40.000
14161.233,39.977
14201.584,40.351
14241.034,39.449
14281.251,40.217
14321.275,40.023
14361.275,40.000
14401.293,40.019
14441.044,39.750
14481.255,40.211
14521.260,40.005
14561.251,39.991
14605.081,43.830
14641.048,35.967
14681.283,40.235
14722.277,40.994
14761.334,39.057
14801.248,39.914
14841.062,39.813
14881.264,40.202
14920.683,39.420
14961.214,40.530
15001.286,40.072
15041.040,39.753
15081.301,40.262
15125.118,43.816
15161.285,36.167
15201.378,40.093
15240.970,39.592
15281.231,40.261
15321.271,40.040
15361.263,39.992
15405.129,43.866
15440.947,35.817
15484.416,43.469
15521.271,36.855
15561.259,39.988
15601.262,40.002
15640.938,39.676
15681.280,40.343
15723.308,42.027
15761.269,37.961
15801.255,39.986
15840.935,39.680
15881.271,40.335
15921.255,39.985
15961.213,39.958
16001.291,40.078
16040.926,39.635
16081.270,40.343
16121.171,39.901
16161.265,40.094
16201.312,40.047
16240.927,39.615
16281.243,40.316
16321.249,40.007
16361.309,40.059
16400.497,39.189
16440.953,40.456
16481.259,40.306
16525.068,43.808
16561.267,36.200
16601.255,39.988
16640.923,39.668
16685.124,44.201
16724.344,39.220
16761.263,36.919
16801.247,39.983
16840.913,39.666
16881.268,40.355
16924.596,43.329
16961.439,36.843
17001.311,39.872
17040.922,39.611
17081.271,40.349
17121.255,39.984
17161.267,40.011
17201.260,39.993
17241.927,40.668
17281.201,39.274
17321.202,40.000
17361.293,40.091
17401.267,39.974
17440.910,39.643
17481.248,40.338
17523.814,42.566
17561.275,37.461
17601.256,39.981
17640.908,39.652
17681.263,40.356
17721.247,39.983
17761.190,39.943
17801.227,40.038
17840.871,39.643
17881.266,40.395
17925.075,43.809
17961.093,36.019
18005.196,44.102
18042.130,36.934
18081.293,39.163
18121.254,39.961
18161.268,40.014
18201.320,40.052
18244.355,43.035
18281.334,36.979
18321.253,39.919
18361.266,40.013
18400.439,39.172
18440.903,40.464
18481.315,40.413
18521.184,39.869
18563.115,41.931
18601.266,38.152
18640.839,39.572
18681.252,40.414
18721.267,40.014
18761.247,39.981
18800.741,39.494
18840.834,40.093
18881.262,40.427
18921.301,40.040
18961.287,39.986
19001.257,39.970
19040.835,39.578
19081.273,40.438
19125.134,43.861
19161.189,36.055
19201.252,40.063
19240.875,39.623
19281.680,40.806
19321.236,39.556
19365.133,43.897
19401.432,36.298
19442.240,40.809
19481.251,39.011
19525.071,43.820
19561.272,36.200
19601.264,39.992
19644.350,43.086
19681.325,36.975
19721.302,39.977
19761.308,40.006
19801.254,39.946
19840.821,39.567
19881.250,40.429
19921.245,39.995
19961.895,40.651
20001.249,39.353
20040.810,39.562
20080.661,39.850
20121.248,40.588
20161.325,40.076
20201.273,39.948
20240.805,39.532
20281.324,40.519
20325.347,44.023
20361.446,36.100
20405.138,43.692
20440.815,35.677
20484.424,43.609
20521.254,36.830
20565.056,43.802
20601.253,36.198
20640.783,39.530
20681.271,40.487
20721.251,39.980
20765.121,43.870
20801.258,36.137
20840.781,39.523
20881.278,40.497
20921.322,40.044
20962.888,41.566
21000.509,37.622
21040.775,40.266
21081.296,40.521
21121.279,39.983
21161.260,39.981
21201.291,40.031
21240.737,39.446
21281.265,40.529
21322.430,41.165
21360.710,38.280
21401.260,40.550
21440.741,39.481
21481.248,40.506
21525.078,43.830
21561.269,36.191
21601.322,40.054
21640.827,39.505
21681.274,40.446
21721.254,39.980
21761.305,40.052
21805.056,43.750
21840.801,35.746
21881.260,40.459
21921.262,40.002
21961.245,39.983
22001.274,40.029
22040.782,39.508
22081.288,40.505
22121.267,39.979
22161.268,40.001
22201.276,40.008
22242.292,41.016
22285.130,42.838
22325.145,40.015
22361.324,36.179
22400.463,39.139
22444.326,43.863
22481.253,36.927
22521.262,40.009
22561.252,39.990
22601.270,40.017
22640.771,39.501
22685.063,44.292
22721.293,36.230
22761.255,39.963
22801.254,39.999
22840.717,39.463
22881.245,40.528
22921.281,40.036
22961.290,40.009
23005.138,43.848
23040.680,35.542
23081.267,40.587
23121.257,39.990
23161.257,40.001
23201.258,40.001
23240.701,39.442
23281.270,40.570
23321.258,39.987
23361.282,40.025
23401.395,40.113
23440.767,39.372
23483.310,42.542
23521.275,37.966
23563.112,41.837
23601.328,38.216
23640.851,39.523
23681.028,40.177
23725.117,44.088
23761.416,36.300
23800.756,39.340
23840.728,39.972
23881.255,40.527
23925.062,43.807
23961.270,36.208
24001.268,39.998
24040.718,39.451
24081.252,40.534
24125.130,43.878
24161.275,36.145
24201.269,39.994
24240.667,39.397
24285.133,44.466
24321.244,36.112
24361.270,40.026
24405.096,43.826
24440.661,35.565
24485.046,44.384
24522.855,37.809
24561.255,38.400
24600.655,39.400
24640.695,40.041
24681.278,40.582
24724.897,43.619
24761.243,36.346
24801.240,39.998
24840.643,39.403
24881.263,40.620
24921.260,39.997
24965.073,43.813
25001.254,36.181
25042.193,40.939
25081.230,39.037
25125.151,43.921
25161.270,36.119
25201.314,40.044
25244.341,43.026
25285.141,40.800
25321.257,36.116
25365.072,43.815
25401.269,36.197
25440.549,39.280
25484.414,43.865
25520.624,36.210
25561.277,40.653
25601.301,40.024
25640.602,39.301
25685.058,44.456
25721.275,36.217
25763.320,42.046
25801.267,37.946
25840.621,39.354
25885.075,44.454
25921.268,36.193
25961.222,39.954
26001.326,40.104
26040.650,39.323
26081.328,40.678
26125.160,43.832
26161.310,36.149
26201.287,39.978
26240.602,39.315
26281.023,40.421
26321.250,40.227
26362.608,41.358
26400.433,37.825
26440.563,40.130
26481.247,40.684
26521.248,40.001
26564.950,43.702
26601.277,36.327
26640.559,39.282
26685.070,44.511
26721.259,36.189
26761.259,39.999
26801.247,39.988
26840.566,39.319
26881.256,40.690
26921.275,40.019
26961.241,39.967
27001.268,40.026
27040.617,39.349
27081.250,40.633
27121.254,40.004
27161.267,40.013
27201.285,40.018
27240.550,39.264
27281.268,40.719
27321.264,39.995
27361.269,40.006
27401.278,40.009
27440.551,39.273
27485.089,44.537
27521.326,36.238
27561.300,39.973
27601.279,39.979
27640.558,39.279
27681.247,40.689
27721.255,40.008
27761.263,40.008
27805.130,43.867
27840.551,35.421
27881.273,40.722
27921.319,40.046
27963.677,42.359
28005.130,41.452
28040.508,35.378
28081.276,40.768
28121.254,39.977
28161.265,40.012
28201.326,40.060
28240.570,39.244
28282.267,41.696
28321.239,38.972
28361.277,40.038
28400.499,39.222
28440.574,40.075
28480.927,40.353
28521.311,40.384
28561.262,39.951
28601.260,39.998
28640.506,39.246
28685.072,44.566
28721.277,36.206
28761.277,39.999
28800.723,39.446
28840.555,39.833
28881.299,40.743
28921.308,40.009
28961.224,39.916
29001.284,40.060
29040.538,39.254
29083.284,42.747
29121.267,37.983
29161.317,40.050
29201.270,39.953
29240.529,39.259
29283.311,42.782
29320.948,37.638
29361.313,40.365
29401.282,39.969
29443.483,42.201
29481.175,37.692
29520.201,39.026
29561.280,41.079
29601.234,39.955
29640.469,39.235
29681.268,40.799
29721.266,39.997
29765.067,43.802
29801.268,36.201
29840.459,39.191
29881.267,40.808
29923.266,41.999
29965.087,41.821
30001.319,36.231
