plain GCD timer intervalMs=40.000 duration=30.000s
t(ms),dt(ms)
41.102,41.102
81.046,39.944
121.135,40.089
160.857,39.722
201.118,40.261
241.082,39.965
282.265,41.183
325.228,42.963
361.230,36.002
405.154,43.924
444.688,39.534
482.352,37.664
524.598,42.246
561.549,36.952
604.878,43.328
645.086,40.208
682.689,37.604
722.470,39.780
761.856,39.386
805.200,43.345
844.891,39.691
883.040,38.148
925.402,42.362
964.237,38.836
1005.219,40.982
1045.134,39.916
1081.118,35.983
1121.882,40.764
1165.244,43.363
1202.407,37.163
1245.160,42.753
1281.450,36.290
1325.156,43.706
1365.131,39.975
1405.150,40.019
1445.153,40.003
1481.773,36.620
1523.840,42.067
1564.774,40.934
1605.150,40.376
1642.879,37.729
1682.106,39.227
1723.758,41.652
1765.148,41.390
1805.160,40.012
1845.143,39.983
1882.436,37.293
1925.071,42.635
1965.158,40.086
2005.122,39.964
2045.150,40.029
2082.796,37.645
2122.703,39.907
2162.681,39.978
2205.184,42.503
2245.082,39.898
2283.053,37.971
2324.879,41.826
2365.149,40.270
2401.476,36.327
2445.145,43.668
2483.383,38.238
2524.368,40.985
2565.144,40.776
2605.184,40.040
2645.125,39.941
2683.684,38.559
2725.134,41.450
2765.143,40.009
2805.154,40.011
2845.197,40.043
2884.081,38.884
2925.160,41.080
2965.130,39.969
3005.154,40.024
3045.134,39.981
3084.329,39.195
3125.058,40.729
3165.128,40.069
3205.134,40.007
3241.514,36.380
3284.684,43.171
3325.100,40.415
3363.309,38.209
3405.152,41.843
3445.133,39.981
3484.990,39.857
3523.768,38.778
3565.132,41.364
3605.158,40.027
3645.134,39.976
3685.053,39.919
3725.133,40.081
3765.134,40.001
3805.136,40.002
3840.853,35.717
3885.052,44.198
3925.132,40.081
3965.150,40.017
4000.382,35.233
4045.060,44.677
4085.452,40.393
4122.985,37.533
4165.141,42.156
4200.707,35.566
4245.130,44.422
4285.152,40.022
4321.035,35.883
4365.228,44.193
4401.068,35.839
4445.149,44.081
4481.971,36.823
4524.085,42.113
4565.129,41.045
4601.370,36.240
4645.128,43.759
4685.088,39.959
4725.159,40.071
4765.136,39.976
4801.676,36.540
4845.126,43.450
4885.129,40.004
4925.172,40.043
4965.139,39.967
5001.995,36.857
5044.106,42.111
5080.769,36.663
5125.132,44.363
5165.055,39.923
5202.359,37.303
5245.141,42.782
5285.158,40.017
5325.173,40.015
5365.157,39.983
5402.778,37.622
5445.146,42.368
5485.130,39.984
5525.123,39.993
5565.158,40.035
5602.993,37.835
5645.141,42.148
5685.138,39.997
5725.134,39.996
5765.139,40.005
5803.315,38.177
5845.147,41.832
5885.128,39.981
5920.588,35.460
5965.145,44.557
6003.605,38.460
6045.128,41.523
6085.137,40.010
6125.136,39.998
6161.441,36.305
6203.980,42.539
6241.020,37.040
6285.204,44.184
6325.103,39.900
6363.611,38.507
6404.384,40.773
6445.146,40.762
6485.137,39.991
6522.510,37.373
6565.135,42.625
6604.586,39.451
6641.874,37.288
6685.153,43.279
6723.835,38.682
6765.132,41.298
6804.949,39.817
6845.147,40.197
6885.123,39.976
6925.131,40.007
6965.165,40.035
7001.933,36.767
7045.160,43.228
7085.146,39.985
7125.148,40.002
7162.625,37.477
7205.120,42.495
7245.138,40.018
7281.718,36.580
7325.107,43.389
7365.135,40.027
7401.530,36.396
7445.149,43.619
7485.176,40.027
7522.770,37.593
7565.126,42.356
7605.070,39.944
7644.031,38.961
7685.133,41.102
7722.699,37.567
7765.135,42.436
7805.057,39.921
7845.130,40.073
7882.561,37.432
7922.768,40.206
7965.144,42.376
8005.050,39.906
8044.951,39.901
8085.134,40.184
8125.131,39.997
8161.598,36.467
8205.052,43.454
8245.062,40.011
8283.608,38.546
8325.069,41.461
8362.854,37.785
8401.560,38.706
8445.054,43.494
8485.135,40.081
8525.128,39.994
8562.809,37.681
8605.137,42.327
8642.058,36.922
8685.143,43.085
8725.153,40.010
8762.861,37.708
8804.453,41.592
8845.193,40.740
8885.136,39.943
8923.813,38.676
8962.830,39.017
9004.076,41.247
9045.052,40.976
9085.134,40.082
9125.220,40.086
9162.834,37.614
9205.136,42.302
9245.130,39.994
9285.137,40.008
9325.179,40.041
9362.787,37.608
9401.532,38.744
9445.053,43.522
9485.139,40.086
9525.139,40.000
9562.813,37.673
9605.143,42.330
9645.121,39.978
9685.125,40.004
9725.143,40.018
9762.810,37.667
9805.133,42.323
9845.063,39.929
9885.134,40.072
9925.105,39.971
9962.047,36.941
10002.656,40.609
10041.165,38.509
10081.446,40.281
10125.201,43.755
10162.426,37.225
10205.133,42.707
10245.126,39.993
10283.574,38.448
10323.926,40.352
10362.754,38.829
10401.544,38.790
10445.047,43.503
10485.185,40.137
10525.125,39.941
10563.017,37.892
10605.147,42.130
10645.119,39.973
10685.129,40.010
10725.146,40.017
10763.317,38.171
10805.137,41.820
10845.132,39.994
10885.142,40.011
10925.133,39.990
10963.665,38.532
11005.157,41.492
11045.048,39.891
11085.114,40.066
11125.129,40.015
11163.966,38.836
11205.186,41.221
11245.128,39.942
11285.147,40.019
11322.695,37.548
11364.360,41.665
11401.531,37.170
11442.547,41.016
11481.438,38.891
11525.132,43.694
11564.603,39.471
11605.128,40.525
11642.866,37.738
11683.542,40.676
11723.728,40.185
11764.923,41.195
11803.631,38.708
11843.485,39.854
11885.151,41.666
11925.146,39.995
11962.811,37.665
12005.161,42.350
12045.053,39.892
12083.681,38.627
12125.149,41.468
12162.602,37.453
12205.129,42.527
12240.207,35.078
12280.335,40.128
12325.133,44.798
12363.510,38.378
12405.170,41.660
12442.319,37.149
12480.662,38.344
12520.393,39.730
12562.832,42.439
12603.306,40.474
12644.325,41.019
12680.977,36.652
12725.133,44.156
12762.776,37.644
12805.126,42.349
12845.048,39.922
12881.305,36.256
12925.134,43.829
12962.788,37.654
13005.141,42.354
13045.108,39.967
13081.619,36.511
13125.121,43.502
13162.863,37.742
13205.143,42.281
13245.184,40.040
13282.636,37.452
13325.174,42.538
13363.329,38.155
13401.480,38.151
13445.126,43.646
13482.322,37.196
13525.139,42.817
13565.131,39.993
13605.131,40.000
13640.198,35.067
13682.659,42.461
13725.152,42.493
13761.301,36.150
13805.129,43.827
13845.128,39.999
13882.966,37.838
13925.143,42.177
13963.479,38.336
14005.156,41.676
14044.578,39.422
14083.299,38.721
14125.129,41.830
14165.043,39.914
14205.165,40.122
14245.159,39.993
14283.578,38.419
14321.937,38.359
14365.022,43.085
14401.569,36.547
14445.217,43.648
14483.987,38.770
14520.907,36.919
14560.420,39.514
14605.143,44.723
14645.152,40.010
14684.201,39.048
14725.138,40.938
14765.109,39.971
14805.190,40.081
14845.126,39.936
14884.535,39.409
14925.157,40.622
14965.130,39.973
15005.146,40.016
15043.357,38.212
15084.862,41.504
15125.127,40.266
15165.134,40.007
15205.122,39.989
15245.140,40.018
15285.054,39.913
15324.031,38.977
15365.145,41.114
15405.173,40.028
15445.150,39.976
15485.067,39.918
15525.146,40.079
15565.127,39.981
15602.341,37.214
15645.231,42.891
15685.068,39.836
15725.168,40.100
15765.140,39.972
15805.168,40.027
15845.143,39.975
15885.053,39.910
15925.124,40.071
15964.971,39.847
16005.140,40.169
16045.181,40.041
16085.068,39.887
16125.129,40.061
16165.130,40.002
16205.058,39.927
16245.168,40.110
16285.067,39.900
16325.062,39.994
16364.801,39.740
16405.118,40.317
16445.133,40.015
16485.079,39.947
16525.092,40.012
16565.128,40.037
16605.146,40.017
16645.206,40.060
16685.128,39.923
16723.790,38.661
16765.159,41.369
16804.586,39.427
16845.173,40.587
16881.300,36.127
16925.151,43.851
16961.575,36.425
17005.138,43.562
17045.140,40.003
17083.492,38.351
17125.125,41.634
17162.614,37.489
17201.773,39.160
17240.418,38.645
17285.131,44.713
17325.141,40.010
17364.966,39.825
17405.150,40.184
17440.706,35.556
17485.135,44.429
17522.318,37.183
17565.136,42.818
17605.147,40.011
17641.013,35.866
17685.125,44.112
17724.351,39.226
17765.132,40.782
17805.130,39.998
17841.342,36.213
17885.127,43.785
17925.054,39.926
17965.131,40.077
18005.140,40.009
18041.668,36.529
18082.204,40.535
18125.132,42.928
18165.129,39.997
18205.125,39.996
18242.058,36.932
18285.097,43.039
18322.704,37.607
18363.383,40.678
18401.590,38.207
18442.330,40.741
18485.125,42.795
18525.127,40.001
18565.123,39.996
18605.124,40.001
18642.644,37.520
18685.123,42.479
18722.184,37.061
18763.037,40.853
18805.132,42.095
18842.982,37.849
18885.129,42.147
18925.129,40.000
18965.135,40.006
19003.168,38.033
19043.311,40.143
19085.128,41.818
19125.314,40.186
19165.086,39.772
19205.055,39.969
19243.612,38.557
19285.079,41.467
19321.500,36.420
19365.142,43.642
19401.885,36.744
19443.959,42.074
19482.087,38.127
19525.141,43.054
19565.140,39.999
19602.623,37.483
19644.268,41.644
19685.152,40.885
19725.219,40.067
19763.543,38.324
19805.218,41.675
19844.585,39.367
19885.149,40.565
19925.165,40.015
19965.150,39.985
20005.142,39.992
20044.904,39.762
20085.148,40.243
20125.133,39.985
20165.153,40.020
20205.144,39.991
20245.058,39.915
20285.146,40.087
20325.133,39.987
20365.103,39.970
20405.168,40.065
20445.061,39.892
20485.166,40.106
20525.214,40.048
20560.291,35.077
20605.123,44.833
20645.125,40.001
20685.126,40.001
20725.131,40.005
20760.627,35.496
20805.143,44.516
20845.123,39.979
20885.137,40.014
20925.127,39.990
20960.933,35.806
21005.180,44.247
21040.230,35.050
21085.140,44.910
21125.153,40.013
21161.267,36.114
21205.150,43.883
21242.351,37.201
21285.141,42.790
21325.149,40.008
21361.578,36.429
21405.097,43.519
21444.439,39.342
21485.136,40.697
21525.123,39.987
21561.931,36.808
21605.135,43.204
21642.889,37.755
21685.151,42.262
21723.858,38.707
21762.230,38.372
21805.088,42.858
21843.406,38.318
21885.147,41.742
21920.236,35.089
21962.575,42.339
22005.139,42.564
22044.236,39.098
22085.142,40.905
22125.146,40.004
22162.889,37.744
22205.140,42.250
22245.130,39.990
22280.926,35.796
22325.130,44.204
22363.211,38.081
22405.147,41.936
22445.168,40.021
22485.089,39.921
22525.150,40.061
22563.580,38.430
22605.192,41.612
22645.135,39.943
22685.149,40.014
22725.148,39.999
22763.831,38.683
22805.126,41.294
22845.130,40.005
22885.130,39.999
22921.297,36.167
22964.178,42.881
23005.127,40.950
23045.130,40.003
23085.128,39.998
23125.121,39.993
23164.472,39.350
23205.130,40.659
23241.442,36.311
23283.495,42.053
23325.120,41.625
23364.825,39.706
23403.594,38.769
23445.135,41.541
23485.136,40.001
23525.128,39.992
23565.116,39.988
23605.122,40.006
23644.776,39.654
23685.143,40.367
23725.141,39.997
23765.065,39.924
23805.129,40.064
23845.142,40.014
23885.142,39.999
23922.396,37.255
23965.071,42.675
24005.131,40.060
24045.152,40.020
24085.168,40.017
24125.132,39.964
24165.157,40.024
24205.124,39.968
24245.177,40.053
24282.620,37.443
24325.099,42.478
24365.135,40.037
24405.135,40.000
24441.382,36.247
24485.140,43.757
24525.171,40.032
24565.061,39.889
24605.136,40.075
24645.147,40.012
24685.130,39.983
24725.206,40.076
24765.127,39.921
24805.198,40.071
24845.138,39.940
24885.137,40.000
24923.471,38.334
24965.132,41.662
25002.790,37.658
25045.138,42.348
25085.136,39.998
25125.148,40.012
25165.140,39.993
25202.773,37.633
25245.169,42.395
25283.474,38.305
25321.347,37.873
25365.130,43.783
25402.768,37.638
25444.312,41.543
25480.206,35.894
25520.348,40.143
25563.733,43.384
25604.361,40.629
25645.143,40.782
25685.130,39.986
25720.670,35.540
25760.780,40.110
25804.419,43.639
25841.871,37.453
25880.438,38.567
25924.502,44.064
25963.021,38.519
26004.369,41.348
26044.447,40.078
26085.150,40.703
26121.292,36.143
26165.052,43.760
26204.381,39.329
